224578
1510138
2678827
596340
2251344
2270154
1619436
1637057
2793645
734221
954680
1278398
2478774
435857
1755966
41355
1080119
472944
46518
1978226
2621053
2681422
1677008
1097807
2087944
2087651
2057544
2033837
577684
1910114
2346653
384043
847278
734817
1502743
1282258
2577304
1671833
2427338
873846
2069914
930713
1364529
596979
2039879
1554569
2786373
2447099
958286
362431
1729860
1298017
1344712
645749
2744298
376624
1106643
2528179
743783
2572458
1939756
2450699
2580388
967448
2442715
998328
