1901563
1567104
1105443
1005226
218662
959690
449034
52785
2545138
1041311
967183
914490
2744571
2262600
1005620
2290672
1556721
2233724
1150356
1756625
808504
27668
702988
232302
1894067
933682
767352
210639
291993
2044151
1786337
1534423
1043684
2616908
132632
2097874
1700216
1080493
1623048
1034058
775160
1804510
1136146
1582070
1121616
31147
2176607
1096490
586821
2702495
207412
2544679
1425612
227266
1468829
941814
1047731
418901
1635474
2565351
342025
1553558
1956899
315059
790766
1675504
1870259
229894
1317218
2605144
2269828
2778411
1880570
1284536
2468790
1064778
2154343
1509415
1644257
462446
1238810
1983801
816076
1488352
806292
505917
118467
1236293
1835945
306920
163991
445128
564656
2278947
2744350
58005
558077
780191
1982748
