464019
985473
537834
18725
797359
1029526
2085613
2424205
2010073
1990525
901701
607285
38601
773957
146132
1897035
285887
787667
1625060
2176172
2656421
2644594
1758921
1574830
1586548
21188
1157777
1595514
1033561
2184003
2533464
1895288
633940
2749069
2127021
519757
2201946
2337930
2629283
2028594
1461427
2017664
1536476
1383391
2418738
589634
236903
1054205
2513219
1049522
2247547
2421284
2108551
679428
224207
554069
2013725
494604
1484496
927170
2450931
2490996
639172
1294194
235531
2518363
1010880
2253227
46496
917469
2627693
1497290
504819
