2647373
493067
672441
1578995
2278517
1769573
2191772
2223644
2756757
752072
1978109
2637110
1738941
2221071
2713821
2274908
2523284
1493025
627884
1075141
61085
2496867
1863832
381224
220730
2037671
2205541
913247
1992563
498060
1833420
2608711
2320300
987637
579977
2529534
1266606
456730
1852562
1041832
695341
768689
2678071
761700
1088133
728593
226984
1975855
1072691
307956
2214957
1081191
1429530
283991
2386530
719591
273596
83696
1847762
709820
2656498
730617
1979241
829554
249844
2084542
1547097
490484
156627
514386
2587574
732521
770986
690408
2517418
543592
1416117
1848910
2520880
1188739
562266
2611889
522737
