1268625
2000235
1152718
73871
1645914
1392663
1328157
94275
1754217
296989
523580
493074
992958
644841
1247710
2649401
2417983
819503
422574
1136942
467968
2547987
285312
1234266
2732571
1542052
2426280
599968
2408820
1532915
1607194
485449
2591941
2737055
677397
916142
661240
2682030
1556
1655118
2639333
1802012
1865668
1549358
2363052
1834918
1567311
2661329
2505748
1635752
1920552
1084591
1904306
1346915
2563103
1909135
245001
2521001
1376359
1615350
1907585
1626522
2237525
1207026
43651
1853993
2367242
947704
368885
27510
1576573
1067866
1623062
1675917
2026268
2050055
1741485
858947
2450181
145054
615745
2077075
2287021
258375
1860169
1365891
1439621
1994338
1523352
2799922
1782955
1932965
2031621
811153
929900
1601887
1093715
2080011
95252
914061
