2071609
900264
1756259
88779
1707318
2406739
2692658
2252548
1155895
1056683
819546
2512309
2248884
2052710
102856
1133586
2164182
2389784
2632298
856220
649960
13774
1663255
357855
974745
1927097
959386
2663755
1086673
789853
2714068
102881
2345118
2502188
1923494
1998472
726151
860594
121689
1550983
1790716
1222578
127841
2222565
1498747
305217
2620745
1895026
2099473
2669258
1497920
2705260
1022925
2336924
2005959
899634
2411297
2587585
1270607
1702972
1464041
1214997
1018295
1806486
550590
560087
1846251
1172157
1578303
2745740
2279828
118995
1340724
32231
871556
1592517
