1640868
526073
2307647
2599944
2438634
1539517
1435806
1301264
45966
708377
752914
278535
1450640
554371
2493305
2041965
639543
2296758
1828439
2031614
510871
2217785
2157147
1410375
1226963
119577
1208806
1312010
2381249
2622801
2407075
1994890
2773601
1070034
1877635
726122
2297628
1494661
615707
241445
159162
1547866
904250
2296958
219684
2317799
1622837
2118366
352706
739556
1681320
401638
790558
84414
2647002
2338243
795846
1361703
2456234
1686411
656052
588312
1305692
2137712
172352
511726
1153980
1761486
1233692
426387
1761700
308787
2786217
566569
1510777
2478590
