1811941
1438969
1602066
1282726
2552657
2789850
939710
1084872
1334356
222186
1774003
1585032
200877
348812
1840700
1278131
879125
75427
598484
1297747
2412278
1995000
2436202
2649177
57221
2206521
238074
1148247
1554060
771206
2814826
1607571
1744527
999531
1883276
2085020
2045756
247503
1939591
141375
820719
2678345
2734069
462784
610309
2096900
2640784
1292041
734390
689779
362077
1563444
2238475
1916240
1766171
1628573
2472254
1774435
2649373
1074768
1815238
2559418
1813065
2076620
91198
2745881
597560
1883287
2615304
1682504
1116036
1573521
450851
274655
414852
900172
168014
2766526
1022747
2245152
2534374
670110
1934388
127691
602356
1975530
2283362
1402127
994737
1865310
1211995
23164
585541
169472
2559756
1175747
2699047
256581
2735909
