2404955
1213961
1816719
659797
774069
2746038
2556301
893425
1819134
1573084
1958705
42040
288256
2231305
80077
2109057
2531325
213385
238882
610670
2585165
161381
1463016
2536409
132757
2459549
859904
690972
1545420
1344332
2039994
1468929
115109
2795306
1888857
606078
1041159
2064363
1014613
1818692
2806599
2388275
338681
1002027
990863
1092444
32551
2231432
544637
1050420
431509
681775
617301
963486
248238
747727
1078480
417377
1403242
1189956
68488
1449244
921997
1115276
1601932
458575
651226
1876078
1757187
2566454
2812075
1436137
314124
798323
2398676
76423
710236
206693
1719875
1862619
1114073
