1246236
2024400
2178899
1672967
728756
2448646
2282672
1988156
2254995
733447
294992
67028
1520399
1335143
1530900
310245
2655882
2029226
920248
1305830
358840
513209
2181324
196866
1451361
1503880
2546734
1886663
1911531
197499
921790
2374971
1503215
1481713
2057598
1817406
2815134
2360538
1852300
2496010
2814349
1149508
352959
1659414
1215611
2417349
1232805
2755835
1392226
2782031
1660314
2330090
2302006
1196708
1455401
1811783
2267075
2527180
532507
2489837
1158444
2757774
1863688
1921279
2286492
106878
576480
