91471
1848373
1991208
8159
1499270
161823
191188
1092077
2045756
241096
279517
884632
671893
523734
2286323
427345
49177
534901
2373385
1166960
1864902
1239492
1021752
2173551
311192
392334
345221
648279
700798
1753738
2561517
1500126
1948231
2404317
1488984
281859
1059904
1077274
1453616
301307
134544
1247561
1104230
1747336
1104866
1394166
495128
1371041
1701388
1192042
1987247
680450
1581491
1430379
1772147
2278412
2358285
326383
2799653
45661
103965
1057130
2641888
953045
1355148
2079383
837127
1746303
2070176
2280317
1166459
253282
1540738
1121539
1949817
2781421
431066
1864926
2413346
2744547
1133148
757885
359093
1470936
1050691
2233756
2717419
985269
1982747
751774
1678293
1038845
420278
361481
1040563
