1252301
1323086
854314
1741882
295394
2554322
1291860
454546
876144
102994
2137880
2632515
34073
2311556
2180176
1201069
299226
1271452
166796
400575
268347
699759
2415467
723660
1963851
120555
448954
1826959
1163546
711033
1989935
616624
2140058
526753
1288575
2704001
2345116
2371330
732805
332339
2436054
1163631
2012380
435970
1533060
163174
505450
142670
1260514
2732469
2236947
1532535
228548
1270318
1894619
2211967
686433
2556795
2167211
1848549
2026462
145965
2278586
2259510
1385364
1721987
2214944
478659
