91642
1641638
1003650
335432
2194399
2058649
1762268
2297562
1148903
2208746
388871
2485652
2282129
1137016
1231166
2644005
1553068
865667
2326991
2292411
827892
1824966
875023
2446542
2284292
1159178
1526140
1910913
1382249
897748
1643671
364236
1376411
1300220
446930
88467
763550
104619
1566876
1415385
367913
1093481
2096140
2645853
475930
270709
1832268
632983
1687876
841730
1011546
542122
985786
1509892
2107712
2496730
903368
2050279
1263260
2650179
479152
575567
1279010
957014
1088053
2525666
811466
1894726
1733308
