1377800
643538
434115
2323744
739675
1823143
344498
2409880
1912469
320293
2291591
724942
1759886
190690
2413702
179620
1395781
2250651
2683968
444093
1429871
2653751
778844
1867723
1994360
2599079
162285
2739117
1469177
792090
666785
2270319
1105949
37355
2722465
1903049
2756196
1890767
2490344
192096
2554729
1205499
2531536
1954236
1611350
741520
550510
2373905
874630
405549
504502
2369745
422684
809692
932993
1338285
800061
1638004
552932
776335
2056813
617096
2361270
475853
2178977
2591380
1034734
2333167
1272919
418823
665618
2368536
1312652
2290303
670236
2360445
156350
1265115
