2819329
1674654
351910
1818262
1812349
1403924
268060
933652
2123829
1608415
153040
2339510
2687709
397757
2492838
2086973
355168
1058933
2202172
1959483
910162
2675317
493787
1536128
1494422
345192
2053725
1096934
2303930
948989
318359
2054633
2615596
1699735
401563
2819218
1948558
1263167
946680
1734762
856987
954625
1432223
447247
1297567
2192947
2522695
1303411
2086825
1663953
222884
1593171
853279
2575636
173273
2646303
2426593
1591626
2451988
2718569
92325
727543
342128
915116
1944466
1261640
614355
2669945
768537
955864
1994254
314932
325699
