1112231
1355101
2635804
783641
2001260
2667374
852843
1279645
601688
785613
1243996
1129431
1968307
750847
2102655
1051522
3455
214515
1162987
1940181
403427
2485808
1369026
371392
2510520
564671
191428
1349462
1357401
770754
755125
2626649
1900474
2639490
894364
1982715
2028200
2198590
1162364
113349
2504228
1629525
462239
2558764
1266592
2643391
159470
2322019
2143157
553221
581199
2220975
935727
713787
2266665
2481224
211631
222207
2751031
893136
1990484
1727324
208718
689916
1366244
1551867
2132669
2207227
449056
