1147069
1123833
2656011
2616779
2339030
2092001
359541
513789
1993650
2200405
1299110
484566
2320206
2121856
2324005
2068220
973849
991113
1868568
459897
2370553
2705001
2628005
2458564
1308374
1800625
2650417
660610
497194
2319242
702595
1015643
766799
1724909
2150656
1317056
430293
1268669
1293545
2781198
935487
407813
2574467
156553
2630644
20769
669199
268820
914882
1904269
2376405
173081
1847276
2639495
1131976
660798
1088103
2130423
1055299
1744097
2784833
1458579
29062
294575
2525016
444186
250997
1296767
246181
201108
216033
1054721
2033894
505432
2112271
2442846
1674367
598172
