383992
1200847
868220
1403176
827262
2497764
13160
256653
596118
8436
807850
2318596
558402
2360680
209233
168664
239571
22357
1152296
2284604
2103453
104054
2502845
2594418
962317
245346
2247650
1762290
542612
2082472
380631
2627479
2437292
1637748
2289315
946427
794542
489054
1664366
405217
1405440
39656
882153
2333534
2048272
357427
51792
2569508
663937
256218
2169434
1902105
2362805
1230883
273733
1025511
180005
238261
1666655
823180
147446
406176
2571991
1999099
2779622
1076425
2763851
1687647
1030455
1793632
895368
2491483
1552606
1127927
