18019
548700
2453459
392375
2317672
1125293
2565003
467708
1293086
352011
1068435
905422
2420560
1024569
2689412
753348
1494730
1104566
999648
1850156
561906
2168089
1895231
680059
2452748
2715784
1081048
199865
2298127
210778
1337010
1357844
2445492
2383198
752259
2549546
2152097
355457
904583
1451650
1346104
126332
2760323
712853
2343614
454430
900383
1895481
1481175
1476991
2665629
1251514
12469
763267
556524
1999139
1873759
2699570
106019
1410665
1137376
1677757
541839
1473846
442291
1919824
2622851
1989314
1712380
1267954
648506
345376
2480602
1207484
2380545
2504937
1959821
270814
1263030
2794566
26132
2775844
2117935
2125575
1256366
6009
2161465
1038212
905257
117388
2787076
2513014
2416986
653580
2592416
262825
2191827
