189914
1664196
644619
1805223
1678111
694428
1839730
2424976
2573663
876177
1721246
297542
1807573
2254647
860716
389549
1379488
271005
2011058
1548589
1932033
2152972
259419
1468592
814145
1429508
2051057
2133603
2147974
1697150
2614048
321368
574492
174629
365090
252029
323274
2268908
730544
1283407
1592702
778149
2146049
1865072
1011507
1485028
1222147
1881744
1540898
375323
395109
1686704
691868
2454510
283447
1496696
63194
2677739
1672279
1368131
2332623
410170
633992
2442059
339456
1727810
1084221
948618
2121543
1355499
2129023
1181381
920389
2483862
555924
1275119
2208490
