2294799
381535
1117369
1012434
1059715
432067
2241313
631988
1609298
442726
313906
1556912
165601
1986825
59175
571181
1228029
784698
2224837
1112976
610109
902254
1873391
1859009
1822874
1486976
2131791
2161497
2572862
1681497
469940
1780320
1723590
594982
1570958
941432
2384253
894455
722459
398527
155089
2494696
1475355
2732103
1486331
2052932
2330984
302906
1140059
1364900
1559264
823266
1465982
1797717
572128
1790590
828110
1076018
74339
1680701
1594698
1159471
1546288
946679
1674756
2435297
1294484
122094
1333066
37510
1721320
1066765
2123934
1063090
2476131
2681140
2187777
1276415
2702139
