1180217
1196086
2467048
1636616
1278246
803569
1693936
2682355
1568533
2387720
1759707
45256
296700
671650
63433
99690
668117
1649163
231245
1659579
722738
2611109
2402133
464041
2024346
2404401
2707933
259771
1533202
1349325
375624
828765
1643930
1598522
2338173
225542
90856
379355
333336
2622973
2226981
199214
1882069
288553
2480313
1365132
1499114
1059258
948305
1127475
659809
1362709
209491
1292580
1324195
771959
2479154
1889986
1503352
2458922
1654363
89397
468207
2789705
2410372
256753
2564822
222117
1246706
2154081
147505
441820
1758809
1815306
206119
2217536
1421238
730672
1814633
1575648
1561177
28011
328655
2391363
2646133
2674304
2384365
639770
1969499
1862259
679153
1039699
2132028
2339847
2024384
