787596
1042514
2566697
407256
1063009
1424703
1491771
2200501
285854
2005166
2159056
446901
1483510
1313984
1721986
2143458
953955
166379
17864
1535446
2436490
2415728
2028545
1912870
2729757
1118230
240412
1085271
881808
2603016
1134700
2326100
1603110
865650
1484374
680939
2611322
1361593
2783927
79149
2456858
754434
268968
2420535
2644855
277467
686313
2386365
1237709
2458476
2691052
926200
772935
1613372
2393111
2377114
573024
2687628
2148461
2629423
344424
1670913
355811
1074996
1518744
450659
2311823
1001098
1299336
105358
543549
2158391
2204818
2671803
152161
2267710
2135381
530155
1835345
2389346
1210079
679124
2481236
788346
546806
1334108
2387997
1011960
766192
660771
2643436
2333758
1594786
2607660
2391296
2233582
2745849
1898852
520570
