221718
1757103
1324162
2010327
122586
2545260
1290206
2419134
2768589
1863116
2501654
1513009
185702
1498202
2185103
2015972
1722205
1441576
418750
2797099
952477
2165397
1750623
1767724
408421
844020
1495160
2130277
2480925
2685214
1305266
1334326
1622303
1767379
685831
1705596
1119029
2133515
761440
2690740
2779680
1073693
695951
2016523
80058
1204341
223493
2775100
93144
745622
1046609
2700604
2045346
192413
928268
1839181
1307045
2547437
1971036
2649068
470610
257351
422962
92011
2515690
1818436
1710085
553071
1802386
172029
1828136
1540110
1824657
87613
1851649
2101518
2641065
768650
777424
1009165
1287175
50467
721798
2358725
1818820
524275
182208
2189931
838703
1627757
2582496
1128212
2377341
210878
554643
1518602
2068417
2020574
