1031846
1217571
1097705
2805485
2200161
791236
1756660
2520190
1722628
2114103
600032
2697236
308606
2524324
934054
1767505
1151025
224585
1879306
2365182
235594
2752609
865360
1603837
2086580
1125379
1055589
1638906
1752536
981412
2063599
847086
2771097
1551541
499215
1152906
714828
1712768
241863
592872
1313843
543193
1888836
2403781
987665
1950024
1445546
179946
208326
1500406
1350499
590439
2414368
1296083
1115683
1489628
339342
1861341
1496533
660283
1660862
565965
604709
2691614
2651102
2705386
1486660
980794
