1090281
17747
1552010
591726
2425941
1197642
1376421
1803862
891796
2175805
1874090
1708244
1952882
1155891
894490
2433764
653757
2672072
1875691
1717209
167817
1681298
2177013
930586
884048
687288
1488486
1666281
2529632
366891
2564527
57980
2144174
1662870
1551531
58877
319700
1872420
117011
1516009
1082769
1420593
615911
1621880
1095993
2001816
1309779
1901183
146910
2747460
629726
2500297
937729
1393235
686317
2570949
2491848
2278103
1530723
223802
765135
427172
148016
2537799
2326098
1513736
1399781
621371
2711908
213860
591522
1088131
660976
1229922
1857681
2603242
757268
1624337
1182135
648022
2377936
737755
2249293
2035426
1052028
1853258
750947
1286225
2164889
2656141
429664
1921233
77951
1066856
872749
2705832
414069
2603675
1906480
