94494
1017004
1559140
463875
2478906
1195879
926322
1046884
1902176
111059
2021819
1778592
168392
1215860
350934
2688612
1654448
1369366
2707089
1855445
1920640
2489964
1629283
57377
1270520
328300
2178452
2658784
1012394
1949720
902472
1122984
1183205
1533628
2188422
1389971
1157669
2047595
1538883
1875306
1146722
1313265
864959
2026001
466137
1629518
83683
1222142
1626815
2259323
837778
2128553
1082908
2488889
513485
1424316
2569369
2386927
159211
1087796
1421350
502946
631408
1839661
1901231
2470578
2729708
1617373
795610
1279831
1126313
994941
429912
2609124
2536695
2669218
2380440
258278
18581
2295169
1312929
1563425
1322531
2287138
265978
2004338
1681166
1434943
1941350
394331
785154
1656967
1616111
1990368
1793428
2343833
2552397
