2522253
2525889
271143
167676
540564
1977333
1848657
1611551
1980060
873323
2190727
2593971
1937414
2305430
2796814
1278598
849911
848220
1093574
955642
2543585
2252520
2624835
1784344
1239811
2318894
851685
1818962
1699135
2491157
2760993
2049486
2480120
525573
764597
2675656
2713850
841109
2100325
1494195
687674
348727
543540
1737590
1907761
1618707
295481
1087788
1001120
2365484
741434
2052121
2729393
510080
712499
2166034
1491649
1928898
409617
2170907
2485052
1539396
1233090
2399267
406220
1852298
2409490
36841
458268
2729634
836605
1958203
1212319
1561724
1051366
966161
2378051
610947
1874906
1599587
132211
1523347
2577533
1433695
967207
2062274
1791233
782200
176140
2737742
