1763935
957770
863893
1360564
1072254
1809467
562223
572899
2305973
772939
1816605
824029
1625770
2611953
797135
1488213
2580154
962075
2662407
959406
823997
77673
1759863
1892929
2434042
2786543
2179534
1251545
1544328
2269177
2434284
340811
2241181
2722116
1985853
1135738
1656315
1185908
2174710
2649936
10858
2017677
2167615
1589022
890449
2091481
686251
2220307
2539888
1567239
2011482
2277063
2109421
340196
747552
1085154
862153
2018160
94205
1184675
1905603
1878812
1113470
1874761
241221
648360
1761931
149303
2568401
844166
97635
256162
2265092
2763740
1981912
2775353
1018521
1402539
