2722625
1167616
2486920
1444931
1548773
2340705
1122582
1498108
506152
188794
1223245
1268345
2583886
491194
558662
807486
1658115
602204
292460
2006247
726445
942207
276188
1027036
425430
729686
2169732
2211880
2127088
891268
2085266
2611416
286365
1266155
1268302
487808
781057
1414149
2797926
1386727
2581755
2053031
1478018
1476407
2722952
2798849
786661
1045566
362676
2293110
684357
1090617
2107840
203749
713702
1002743
1690580
1547194
2342031
215289
1804724
148507
845990
666600
1787496
999293
1673654
34514
1003953
853514
2654463
1273045
897020
402697
1089365
924375
158554
411544
2054744
2356281
2361597
2151043
274092
1450852
2350597
1702284
2118702
2489675
1758832
108944
1520241
2184434
765225
1963657
2023504
1236508
922076
2090080
761778
