1418020
605578
2316987
1909925
1670999
1692172
2167746
2284597
1773802
347760
1855243
608329
2469836
759658
1318227
493572
2452089
1985932
2130903
1649802
45090
740667
1719484
2723853
1171582
2028708
1319015
1874724
1290438
2336275
1758373
543355
1275952
110316
14789
2681817
1027380
104125
312690
2162074
2222741
1517509
137023
2407654
1681750
1407242
2398014
1967038
1582145
1950465
151391
1751059
213375
2535152
1559101
1430885
774718
196248
2651715
1248390
1625634
1696906
2136684
1312986
1481658
2216434
1810789
2285228
1209598
11866
2678362
712011
1194180
769333
2712655
2418986
1258243
297395
367445
1058376
694331
2795454
553240
1530380
599975
2742847
914567
825012
1120339
488837
2472749
289919
668299
1970238
809881
