2165143
802094
1006836
1746911
378359
189614
1297460
2688796
2103526
806484
1297713
769923
132042
1810703
958320
2007070
943507
932157
490211
1084391
702365
1203924
2691122
1487052
153559
1992756
1347325
2596056
1011922
1730158
1548357
2024977
1809115
492920
2034509
1948633
2053830
532072
1268949
679384
901274
2565436
1627133
653413
203042
447599
1343274
1769605
895745
927243
325031
2447713
2379857
315094
2468199
781286
1220222
2092990
156105
759651
959524
892874
620709
1811617
2724933
2508628
2335685
1481605
2469084
1135355
63589
2014473
2704804
1594157
441789
263613
729173
2792094
2045333
2403812
2516099
1786055
1988421
