375787
215691
1452523
1178580
1165637
78656
1231089
1767900
447481
1269513
2503493
2807624
1071431
1569444
1188168
1234679
94694
2189259
2280099
1935832
2127563
1278098
2090027
1051408
165403
893605
2020261
2726372
1431648
907928
2058557
148651
2116758
1759477
228399
2538127
1253390
265987
2456094
555509
964401
2098010
2596868
702062
691361
531761
347191
2627814
1664358
4396
502294
188899
623496
888481
214959
2806199
9449
1711476
2765759
672857
1876075
1593282
523809
286081
1651901
2578622
351414
430301
1618110
2545809
2362150
615270
1728367
2577156
161676
1581483
1008627
697688
1168063
1445728
502860
2101811
2658043
1916280
879084
908408
2637393
1263059
1387345
1377024
2683162
1006979
195439
271461
1433356
1543695
2720665
2480473
636360
