1454348
1753316
1957494
853353
526552
57456
2236696
717338
1550827
2730650
1899950
2720595
1907695
1294960
495223
302156
1603734
2762890
472887
130188
2639128
389987
2773924
2580875
1894267
2112344
326462
939339
89476
1459058
575865
1574385
2689966
2139529
398472
348812
1832961
222848
2670996
705913
342830
896604
78405
423123
2225822
649790
269351
1169263
147709
1805383
949909
2382718
135872
477913
57493
1206699
1187720
2146535
2783074
1190464
1975760
2096857
552699
775084
942043
826275
2806559
441451
858115
1808638
50271
2513551
149727
431058
1466135
