761627
431373
2564040
1977760
2693591
2126376
402585
1356672
2277616
583163
1102725
2446398
989230
1286986
2187730
1819389
2572802
1650610
2348211
2250384
1110707
1137649
731470
835069
1178562
316550
2211002
2060806
1461566
292200
741007
1187398
718599
332282
2535455
2072997
163532
865965
2586529
1081155
2544715
373985
708751
1891727
882926
132542
565195
112416
2610801
1606731
675968
2489406
96386
2056496
2227826
1479126
1318125
1248283
2082093
1827587
398202
1396968
304049
2697459
2592743
1929706
2715911
1568760
2067122
1591498
1915497
2572818
2378798
13116
918180
256965
1508615
2533496
616261
1563180
