1547407
1298700
442923
1384735
2371316
49336
2520347
815361
848957
2794931
697586
1915416
1460179
1030517
1986331
1606995
2163915
755566
1304838
440424
2109118
2655708
2110368
879922
1886769
1384157
2701709
1779231
2794962
2188469
794222
2000959
2248054
1508915
106852
2140694
160580
2282671
1898401
1349396
976311
1339225
1034050
360512
2207707
1017679
275750
2458012
25395
1056409
1714961
1665914
1740514
1974584
1785690
1325404
2661987
415960
758509
2301179
792271
940984
481418
2718477
1287564
1910618
1295180
2682501
146206
