1240987
2667168
2178442
2164973
1075558
454009
355606
2434784
1931372
1288710
790718
2167416
467892
1682475
2567215
18003
2624294
1065647
1761701
347162
1219011
53899
2709593
1387069
2175136
595750
1980411
874438
2394383
1670014
2117933
2031190
2587511
534621
136509
140601
176127
2137811
2119743
1936285
1439111
2778259
164960
2075106
399398
2715039
1803268
447252
1531247
103433
781563
445390
1942359
1147878
705253
2335061
2394934
35543
2696026
1169014
2240891
21369
1404510
317238
1557736
421293
1369388
904566
603895
51737
2729359
1674678
1480538
1768505
1436770
2644027
2626638
1357251
2024608
940328
2662864
412278
778581
448536
1400607
1013122
386088
780836
2052663
659595
2279876
2438223
1457659
752691
823933
2620631
2052471
2673293
