102330
1127283
2684482
2650505
2114254
2224872
2805632
866637
1168285
877051
1570911
1460429
1853453
1719335
1176716
1528098
502592
484719
1214210
2531061
1590559
1710560
872791
1907802
781921
790809
893459
624470
2765207
2240155
1158681
106463
259927
615659
718387
1387792
406494
968302
1297021
1232261
1919221
1701560
1051593
601542
2174512
1525381
1954928
1158526
1084519
1232195
1551706
3869
454190
606525
62002
1578695
1914319
2124259
2642753
405124
2564904
1340401
1375600
1649343
455968
1774600
2179970
2572275
1574914
2796554
28518
2221654
