1729126
2552867
1641413
1453013
2241584
2428717
2522315
2736158
2546082
1461787
2498634
2503399
1115416
2710190
1965896
36416
2545501
1612037
17782
403651
1991790
2671840
1965020
87482
1168760
1236479
2326253
509038
1235631
904129
2081112
2441611
1323561
1176508
2739775
2182917
875965
2762420
377206
969017
1965467
1909950
89406
914761
1741197
1062456
97005
894644
1396019
2459575
2094969
2572680
1366448
111648
2224754
2737516
381138
1726718
2018517
411207
2690921
236586
2691893
2022732
692075
1132843
165715
1823862
1184651
781605
2513749
1203302
881924
2569198
2615927
713292
971502
600810
729480
700176
2769001
1954171
1293248
2543798
1233356
1151874
1689843
2627038
932803
650516
1427548
536281
1262474
1387326
471166
1699986
1242450
2733342
2034091
1547273
