528034
1039002
2383776
436709
530665
1077494
780024
2374892
516930
1218853
910866
2759246
2373562
1218136
149113
1848092
2539338
424126
2668494
1292208
300890
2549525
1153376
818502
67119
267691
40887
1070386
1929685
1722898
1052373
1573183
1098952
937660
898350
2529694
517345
1493795
1139017
1874521
2803476
1164103
2223633
2219053
1259817
98609
2104343
721678
2220518
1443782
2508827
673331
2184250
355728
2696555
1299579
531343
2722972
981420
2406063
1101604
1932184
1013357
478996
1534086
1715128
1281826
